[BoundaryExtractor]
KNNRadius=0.26499998569488525
BorderBottom=4
BorderLeft=26
BorderRight=8
BorderTop=4
CudaBEAngleThreshold=45
CudaBEDistance=0.010000001639127731
CudaBEKernalRadius=5
CudaClassifyDistance=0.20000000298023224
CudaClassifyKernalRadius=20
CudaGaussianKernalRadius=20
CudaGaussianSigma=4
CudaNormalKernalRadius=20
MaxDepth=8
MinDepth=0.4000000059604645
CudaNormalKnnRadius=0.10000000149011612
CudaMaxClusterPeaks=3
CudaMinClusterPeaks=2
CudaPeakClusterTolerance=5
CudaCornerHistSigma=0.25

[SensorReader]
SamplePath=samples/office3.sens
SkipFrames=0

[LineExtractor]
A1dThreshold=4
BoundaryCloudSearchRadius=0.10000000149011612
CornerCloudSearchRadius=0.20000000298023224
BoundaryCloudA1dThreshold=4
CornerCloudA1dThreshold=3
PCASearchRadius=0.10000000149011612
MinNeighboursCount=10
AngleCloudMinNeighboursCount=10
AngleCloudSearchRadius=5
MinLineLength=0.10000000149011612
BoundaryLineInterval=0.10000000149011612
BoundaryMaxZDistance=0.009999999776482582
CornerLineInterval=0.4000000059604645
CornerMaxZDistance=0.10000000149011612
CornerGroupLinesSearchRadius=1.5
BoundaryGroupLinesSearchRadius=0.25

[LineMatcher]
MaxIterations=60

[ICPMatcher]
AnglesThreshold=0.9900000095367432
CudaBlockSize=32
CudaNormalKernalRadius=20
CudaNormalKnnRadius=0.10000000149011612
DistanceThreshold=0.07000000029802322
IcpKernelRadius=7
MaxIterations=100
